-0.716268
-0.884405
0.803963
0.138251
0.94836
-1.36425
1.38602
1.3198
1.70545
-0.922235
-1.39565
0.32875
-2.72508
-0.64663
0.955434
0.944676
1.48609
0.239152
0.143225
-1.20429
0.884724
0.662844
0.399237
1.19119
0.0733545
-0.257735
-0.301478
0.589043
1.31493
-1.46294
-1.83476
-0.61885
0.657513
0.340302
-0.166721
0.00631759
-0.363576
-0.896187
0.761881
0.35054
0.240092
1.25367
-0.852921
0.177374
0.801017
1.09209
0.91647
0.244649
-0.68743
-0.758798
0.738955
-1.35768
-1.09632
0.411644
-2.16157
-0.112905
1.14013
-0.322473
0.796994
-0.618106
1.76563
1.25166
-1.24114
0.930187
-0.969158
0.223079
1.75659
-0.0860367
-1.35224
0.437426
0.716462
0.227713
0.883104
-1.2855
-0.478714
0.0986806
0.510627
0.763616
0.77525
-0.59354
1.16662
-0.747537
-0.140873
-0.0721257
0.45733
0.130308
2.0086
0.443556
-0.506038
-0.511349
-0.962051
1.75196
-0.822816
-0.539251
-0.191215
1.11842
1.23635
-1.8056
0.770142
-1.09625
2.12379
0.589984
1.25517
0.523251
1.77552
0.980047
2.08198
0.601188
0.216972
-0.0742001
0.734507
-1.71544
0.307709
-0.241057
0.614072
0.0838231
-1.0513
-0.465949
-0.529954
-2.72098
0.465213
0.467227
0.152418
-0.679142
0.664334
2.59455
-0.530022
-1.02809
-1.47118
0.897276
0.485082
1.26623
1.80914
-1.14322
-0.662667
0.240186
0.355069
0.540795
0.509561
-0.127881
-1.14577
-0.338686
-1.03022
2.29884
-0.618384
-1.1053
1.8227
-2.66687
0.124881
2.61339
0.524967
-0.0440193
0.247712
0.125369
-0.77579
0.356583
-0.591554
-0.43612
0.413446
-0.394219
-0.621147
-0.78296
0.0240429
-0.320386
0.759258
-0.525074
-1.68126
-1.06344
0.19241
1.17189
-2.37729
0.96985
-0.380065
0.68908
0.852912
-0.163969
-0.607577
0.0698266
-1.6223
-0.787024
-0.0424729
-1.20751
0.189594
1.38215
0.624274
-1.5221
-1.79509
-1.07835
-0.982045
1.12462
-0.167574
-0.933331
-2.15566
0.358866
-1.49135
0.265428
0.00185279
-0.457263
-1.38164
-0.266747
-0.608087
-2.38701
-1.75627
-1.28014
1.16287
0.361232
0.947657
0.548798
-0.076687
0.314326
-1.04516
-0.521776
0.507152
-1.59052
-0.571457
-0.264661
1.10458
0.779899
1.59296
1.73278
-1.87243
0.514182
1.28413
-0.630025
-0.696175
0.0362582
1.16144
-0.878888
0.781111
-0.510278
-0.358592
0.00474248
-0.0168517
-1.47743
-1.37256
0.561992
0.64237
-0.613894
0.153722
0.128336
0.974632
-0.254636
1.33199
0.390591
0.444183
-1.49124
0.480671
1.26295
0.332011
-1.06459
-1.22323
0.565244
-0.0424734
0.35965
-0.36023
-0.445934
-0.404911
-1.04753
0.424603
0.951734
-0.178299
-1.67056
0.201663
-0.632388
2.03056
-1.05115
-0.466613
-0.921836
-1.11052
1.28024
1.4086
0.244629
0.0839236
-1.19108
0.77249
-0.404951
0.724847
0.0736431
-0.222833
-0.783612
0.592307
1.16426
-1.34269
0.74824
1.76339
-0.367622
2.18926
1.1724
-0.45009
0.181963
-1.20292
0.514196
1.58156
-2.71475
1.06992
0.293075
1.62171
-2.18469
0.0402881
-1.31543
-0.128069
1.1001
-0.384803
0.60348
-1.56712
-2.22549
-1.10128
0.113407
0.310889
-0.522907
-1.74062
-2.31603
-0.556222
-0.583675
1.90869
-0.0491194
-1.28531
-0.404605
-0.161879
1.64336
-0.0768282
-0.725078
0.631707
0.247406
1.55146
0.222017
-0.551574
-2.13414
1.57735
-1.69294
-1.52803
-1.44967
-0.549326
0.521851
-0.0131045
-0.23966
0.483552
-0.550282
-0.767091
0.131134
0.562644
0.057722
-0.855709
-0.853409
-1.49497
0.067623
1.42678
0.153997
-0.208395
0.614477
0.455708
0.0899027
2.43256
-1.52858
0.196032
-0.511456
-2.08292
-0.552543
0.0483169
-0.896656
-0.462584
-0.0674804
-1.17379
1.46858
-0.247299
1.05498
-1.53939
-1.2403
-2.6504
0.193601
0.277612
-0.00678076
0.299418
0.336066
-0.838648
-1.50386
-0.621393
0.15635
0.428626
-0.0604609
-0.343607
0.838045
0.657299
-0.109447
0.119775
0.585516
0.535318
0.490722
0.616803
-0.0828597
-1.00538
1.57535
-0.25265
0.196601
-0.104378
-1.99399
-0.856639
-0.626974
0.0756793
0.352161
0.508027
1.90775
1.16046
-0.659845
-0.88478
-1.43423
-0.847517
0.257036
0.821378
-1.1127
-1.1272
-1.39618
-1.06309
-0.706083
-0.042193
-0.347906
0.110441
1.66362
-1.05245
0.896855
-0.0783809
0.894599
0.481736
0.0484812
-0.658062
-0.999811
-1.52891
-0.154021
1.89795
-0.236851
-0.626565
1.53688
1.6029
-0.872617
0.696223
-1.27915
-1.42627
1.73911
-0.023605
0.662337
-0.28889
-0.173404
0.0785681
0.888086
-0.743353
0.44972
0.103435
-0.825632
1.2965
0.574548
0.94865
-1.09232
-0.510906
-0.130001
-0.957912
1.6937
0.108623
0.103047
-0.743777
-1.95055
-0.824678
-1.55973
-1.69999
0.764981
0.083071
-0.243671
-1.41281
-0.154976
-1.6357
0.0735923
1.02496
1.00212
-0.139573
-0.208898
0.750057
-0.137523
-1.3881
-2.62766
0.207417
0.0386877
1.12945
-2.02363
-0.549118
1.23426
-1.11458
-1.49318
0.207589
0.00854492
-1.16508
-0.245024
-1.01223
-2.09775
0.109514
0.701162
-1.51668
0.155689
0.0763263
0.50999
-1.36477
-0.349975
