0.0949999
2.92363
2.71713
5.41392
2.82798
5.38821
1.73469
5.46464
5.86257
5.453
4.78884
4.81655
1.52647
4.89003
1.62544
4.58324
1.91562
1.3512
2.23403
2.7188
0.748005
1.71535
4.44846
5.8479
1.6252
4.3414
3.06833
5.77678
0.339213
1.95603
4.61428
5.57095
5.13102
1.60363
3.25147
5.52352
1.49072
0.828446
5.73681
4.18855
1.45181
2.57778
4.66381
0.0717184
0.373056
1.32832
0.332665
3.64751
1.26475
0.788141
0.975158
1.5
4.45581
3.30597
5.56974
2.12158
6.0833
4.82043
4.23331
4.93005
0.506587
3.67578
1.91472
4.66386
2.11469
0.776722
0.0409491
5.45002
3.18733
2.9011
1.21662
2.99352
3.00028
5.74452
5.92772
0.243081
6.19832
3.54638
3.96515
1.70623
0.874424
0.0643404
4.63067
3.33763
3.49627
1.06827
4.77341
2.22372
2.10651
4.65805
4.89069
2.2069
3.67005
3.88086
3.21042
3.67935
3.08884
0.212045
3.16453
5.10463
4.60148
4.39035
2.76236
2.063
5.07529
1.40233
0.989504
0.0155293
4.83864
3.9538
4.59392
2.96966
3.41281
1.27662
5.66705
3.97376
5.41097
3.53361
5.22743
4.9189
5.57786
2.1639
1.19352
2.55267
3.84417
2.68122
5.13296
2.63809
3.26884
1.63917
0.614953
2.5431
4.45558
5.39995
3.68085
1.91782
5.90559
5.75111
2.69184
2.27945
3.66271
2.24907
4.12666
6.19357
5.95986
0.737975
1.80604
2.40759
0.667137
3.31741
2.67721
4.93583
4.91188
4.14042
2.09292
0.108221
0.232141
5.62207
5.73372
2.55794
5.49869
5.30218
2.98549
0.0964304
4.78211
1.21597
3.38497
5.05144
4.75446
4.44178
2.58503
4.0055
1.55004
0.00569938
1.45476
4.96515
3.18385
3.29354
4.53421
3.19401
3.80131
4.77233
2.16779
1.15374
3.88112
1.88353
0.522693
1.99267
0.556819
2.79077
0.0850561
6.27151
4.37808
3.86354
3.57002
0.400018
4.6289
0.479513
3.02533
4.15338
1.46688
3.19944
5.98507
1.77269
4.00997
1.02297
5.90705
3.50779
3.13901
5.22271
3.41852
6.0577
1.16537
3.75008
0.57843
2.17726
5.01968
2.96546
2.62175
3.59155
5.54422
3.65227
0.912063
0.906899
5.85417
1.21468
3.48124
2.78487
4.31949
3.895
1.65099
3.96195
0.0887393
4.85779
1.68056
0.32589
4.11716
2.35067
6.18903
5.50716
5.72837
5.86372
5.75068
4.01477
2.42227
3.64814
4.86184
5.76076
1.18882
1.93506
3.40407
3.04488
4.85583
5.42782
4.00251
5.73341
5.12745
4.7595
2.33284
1.12849
2.44362
3.10886
5.37855
4.19667
5.78006
3.04682
4.26667
0.742564
3.0758
3.19463
1.48906
4.69404
0.966336
4.51348
0.372572
0.259148
4.86324
0.148036
5.85379
3.82705
5.87838
2.76328
6.01277
0.165589
2.62896
0.513138
4.80184
4.32726
1.67834
1.18
2.81118
6.27796
5.79568
6.25446
5.99288
1.03029
3.24729
4.25311
3.47478
1.45541
2.07772
2.04487
5.11776
1.52057
1.16289
4.30188
2.59475
2.39476
3.40754
2.15922
2.28838
3.74287
1.79686
4.7849
5.00753
2.38803
1.40278
2.33585
5.39579
2.1772
3.95367
5.2618
2.09118
4.56022
3.14876
3.93576
4.59263
3.41461
5.03979
5.4713
0.941283
0.553766
1.51415
6.07172
3.44727
3.7179
3.94165
4.01131
5.74816
4.49466
1.7091
3.23338
4.28579
5.91552
3.76756
4.96663
4.29476
3.97335
1.85523
0.48644
1.19274
2.29661
4.18603
5.70055
4.61727
2.07054
4.22592
6.08229
3.97389
1.77041
2.55918
2.9614
0.29138
0.981134
4.97302
5.65984
0.67202
0.581991
0.585374
1.22654
2.95607
4.48966
2.72764
0.21958
3.33263
2.88083
4.26307
1.38935
3.36609
1.14266
5.25581
1.13212
2.1916
0.289018
6.25575
4.59059
5.3693
5.20729
4.18885
5.23805
4.14397
4.47125
2.3962
3.9612
5.80318
4.18287
2.2348
6.18203
0.586718
2.5358
0.493903
0.837207
0.161746
3.06454
1.35177
1.46289
3.72318
2.165
2.22549
6.02858
2.04251
2.09883
4.96332
3.93977
0.624458
4.8747
2.12033
4.17833
4.07183
3.90781
2.61949
2.11569
4.38405
4.29446
4.7384
4.19629
0.533559
5.48998
1.5446
5.7952
4.01933
6.19598
0.082924
1.91292
3.2921
3.44914
5.8091
1.58147
1.81125
3.77587
2.29381
0.318642
0.209749
3.12221
4.79213
3.24198
1.58819
0.720232
2.8925
0.315417
4.46976
2.96699
4.50934
1.1378
6.05814
6.26611
2.78311
4.02875
6.11195
4.44072
2.702
4.44506
0.448256
2.96667
3.67975
2.11807
2.13471
5.44175
5.68485
4.65406
0.779763
1.24302
3.58061
2.98618
1.80712
1.10875
4.07262
0.800815
3.09861
4.89406
4.97086
0.806405
5.75144
4.68359
1.96317
0.901413
2.27349
6.23166
5.09939
5.12016
1.24914
2.93309
1.16695
1.98215
2.58118
2.52932
3.07327
3.80269
2.20562
3.83371
